local:  50.38603398948908
online: 41.32115