local:  48.433721132576466
online: 41.32115