local:  51.26691174507141
online: 41.32115