local: 46.61970691382885
online: 47.98337