local: 53.47397267073393
online: 41.31915