local: 41.18637815117836
online: 41.31915