local: 51.9262565523386
online: 41.31915