local: 54.90979315340519
online: 41.31915